Curve,b0,b0.se,A,A.se,umax,umax.se,L,L.se,RSME,CV,outlier
M19_1,0.1127,0.00226,0.1794,0.00244,0.054,0.00219,2.8526,0.09942,0.0062,2.383,1
M19_2,0.1091,0.007,0.2289,0.0075,0.0359,0.00116,1.0045,0.26743,0.0072,2.414,1
M19_3,0.1306,0.00156,0.2208,0.00167,0.0548,0.00096,2.3024,0.05496,0.0036,1.161,2
M19_4,0.133,0.00342,0.2092,0.00363,0.0731,0.00362,2.7212,0.11415,0.009,2.928,2
M19_5,0.1295,0.00287,0.2156,0.00308,0.0748,0.00338,2.8676,0.09878,0.0079,2.549,3
M19_6,0.1257,0.00162,0.2331,0.00177,0.0452,0.00066,2.1182,0.06244,0.0034,1.085,0
M19_7,0.1195,0.00226,0.1796,0.00243,0.0567,0.00231,2.8634,0.09607,0.0062,2.336,1
M19_8,0.1367,0.00275,0.1886,0.00294,0.0663,0.00332,2.5914,0.10501,0.007,2.377,2
M19_9,0.1332,0.00236,0.1985,0.00251,0.07,0.00272,2.783,0.08617,0.0063,2.098,2
M19_10,0.1149,0.00653,0.2214,0.00731,0.0454,0.00368,2.1986,0.29112,0.0137,4.66,1
M19_11,0.1263,0.00228,0.2001,0.00244,0.0568,0.00179,2.6022,0.08745,0.0058,1.987,1
M19_12,0.1393,0.00194,0.187,0.00208,0.06,0.00192,2.666,0.07761,0.005,1.694,2
M19_13,0.1353,0.00281,0.2034,0.003,0.0601,0.0024,2.4897,0.10496,0.0068,2.242,1
M19_14,0.135,0.00383,0.182,0.00418,0.0568,0.00441,2.766,0.17731,0.01,3.496,2
