Curve,b0,b0.se,A,A.se,umax,umax.se,L,L.se,RSME,CV,outlier
M23_1,0.0958,0.01223,0.4185,0.0127,0.0819,0.00234,0.9211,0.19547,0.0121,2.675,0
M23_2,0.0952,0.015,0.4327,0.01551,0.0758,0.0018,0.4659,0.22999,0.0103,2.211,1
M23_3,0.1204,0.00626,0.3376,0.00667,0.0916,0.00434,2.3394,0.13886,0.0147,3.655,1
M23_4,0.1213,0.00425,0.3492,0.00448,0.1218,0.0042,2.2477,0.07589,0.0101,2.401,2
M23_5,0.1207,0.00806,0.3448,0.00849,0.1056,0.00615,2.001,0.14786,0.0175,4.207,0
M23_6,0.1389,0.00746,0.3735,0.00805,0.1368,0.00705,1.975,0.11267,0.016,3.602,0
M23_7,0.1397,0.00747,0.3352,0.00784,0.0993,0.00486,2.0296,0.14191,0.0159,3.75,0
M23_8,0.1154,0.00495,0.3067,0.00523,0.1001,0.00428,2.2502,0.102,0.0117,3.134,0
M23_9,0.1446,0.00626,0.3234,0.00656,0.1112,0.00554,2.1549,0.11765,0.0142,3.372,0
M23_10,0.1144,0.00427,0.3503,0.0047,0.1013,0.0033,2.0546,0.0843,0.0093,2.339,0
M23_11,0.1243,0.0047,0.335,0.00496,0.115,0.0045,2.2294,0.08757,0.0111,2.703,1
M23_12,0.1112,0.00482,0.3568,0.00523,0.0971,0.00319,1.9821,0.09345,0.0102,2.519,0
M23_13,0.133,0.00571,0.351,0.00608,0.1247,0.00562,2.1466,0.0973,0.0132,3.092,0
M23_14,0.1378,0.00689,0.3547,0.00738,0.1182,0.00572,2.0108,0.11689,0.0149,3.46,0
