Curve,b0,b0.se,A,A.se,umax,umax.se,L,L.se,RSME,CV,outlier
M26_1,0.1015,0.01541,0.3452,0.0168,0.0615,0.0044,1.5053,0.40866,0.0209,5.454,1
M26_2,0.1224,0.00347,0.3006,0.00368,0.0864,0.00255,2.0997,0.08039,0.0076,2.013,1
M26_3,0.121,0.00836,0.3207,0.00887,0.0841,0.0049,1.7684,0.18176,0.0156,3.966,0
M26_4,0.113,0.00868,0.3305,0.00926,0.082,0.00488,1.8576,0.19387,0.0168,4.303,0
M26_5,0.1327,0.00642,0.3084,0.00676,0.1085,0.00634,2.1715,0.13093,0.0145,3.655,1
M26_6,0.1287,0.00564,0.3398,0.00586,0.1482,0.0067,1.9793,0.08589,0.0121,2.829,1
M26_7,0.1304,0.00477,0.3036,0.00504,0.1126,0.00538,2.33,0.09842,0.0115,2.96,0
M26_8,0.1195,0.00683,0.3192,0.00722,0.1116,0.00712,2.1504,0.13239,0.0159,4.047,0
M26_9,0.1143,0.00923,0.3478,0.00985,0.0897,0.00557,1.792,0.19326,0.0172,4.206,1
M26_10,0.1127,0.00551,0.3104,0.00591,0.0823,0.0039,2.1382,0.13276,0.0123,3.309,1
M26_11,0.1235,0.00519,0.3146,0.00554,0.0966,0.00473,2.2957,0.11733,0.0123,3.163,0
M26_12,0.1213,0.00859,0.325,0.00924,0.0893,0.00665,2.0882,0.20148,0.0184,4.657,1
M26_13,0.1146,0.00921,0.3488,0.00988,0.0867,0.00558,1.9078,0.20168,0.0182,4.466,0
M26_14,0.1232,0.00411,0.2856,0.00435,0.1079,0.00494,2.5157,0.0937,0.0104,2.842,1
