Curve,b0,b0.se,A,A.se,umax,umax.se,L,L.se,RSME,CV,outlier
M41_1,0.0557,0.01873,0.3951,0.02039,0.0292,0.00059,-1.7105,0.61165,0.0065,1.847,2
M41_2,0.1298,0.00303,0.2509,0.0033,0.0559,0.0017,2.4076,0.10679,0.0071,2.125,1
M41_3,0.1276,0.00487,0.3067,0.00545,0.0381,0.00074,1.4659,0.18171,0.0066,1.825,0
M41_4,0.149,0.00234,0.2643,0.00256,0.0376,0.00045,1.7,0.09161,0.0037,1.033,0
M41_5,0.1456,0.00349,0.2684,0.0038,0.0336,0.00048,1.4423,0.13944,0.0049,1.392,0
M41_6,0.1463,0.0017,0.3112,0.0019,0.056,0.00076,2.9383,0.05864,0.0045,1.169,1
M41_7,0.1657,0.00136,0.229,0.00151,0.0414,0.00056,2.639,0.06128,0.0033,0.953,1
M41_8,0.1607,0.0022,0.308,0.00245,0.0448,0.00055,2.139,0.07836,0.0043,1.087,1
M41_9,0.149,0.00216,0.288,0.00235,0.0381,0.00033,1.3917,0.07808,0.0029,0.781,2
M41_10,0.1698,0.00099,0.2441,0.00108,0.0382,0.00023,1.7871,0.03914,0.0017,0.466,0
M41_11,0.1222,0.00615,0.2552,0.00703,0.0357,0.00149,1.8442,0.27904,0.0101,3.182,0
M41_12,0.1577,0.00186,0.2569,0.00204,0.039,0.00044,1.8647,0.07359,0.0032,0.901,1
M41_13,0.1352,0.00228,0.2631,0.00261,0.0338,0.00047,2.0678,0.10528,0.0042,1.256,0
M41_14,0.1318,0.00216,0.291,0.00237,0.0427,0.00046,1.7296,0.07566,0.0035,0.984,1
