Curve,b0,b0.se,A,A.se,umax,umax.se,L,L.se,RSME,CV,outlier
M4_1,0.1554,0.00347,0.2765,0.00366,0.0764,0.00218,1.8486,0.08289,0.0069,1.773,0
M4_2,0.1324,0.00433,0.2522,0.00456,0.1199,0.00723,2.5018,0.09667,0.0112,3.209,1
M4_3,0.14,0.0051,0.2398,0.00538,0.0911,0.00588,2.4717,0.13127,0.013,3.77,0
M4_4,0.1519,0.00567,0.2442,0.00598,0.1073,0.00805,2.4166,0.13018,0.0144,3.993,0
M4_5,0.1352,0.00466,0.2359,0.00494,0.1103,0.00799,2.7542,0.11741,0.0129,3.839,1
M4_6,0.1368,0.00536,0.2303,0.00565,0.1297,0.01157,2.7376,0.12317,0.0149,4.452,1
M4_7,0.132,0.0031,0.2374,0.0033,0.0764,0.0029,2.5726,0.09035,0.008,2.43,1
M4_8,0.1447,0.00297,0.2274,0.00315,0.0839,0.00349,2.363,0.08122,0.0074,2.199,0
M4_9,0.1426,0.00405,0.215,0.00428,0.0994,0.00657,2.7066,0.11135,0.011,3.371,2
M4_10,0.1374,0.00322,0.2128,0.00341,0.0955,0.00518,2.7928,0.09332,0.0089,2.796,1
M4_11,0.1429,0.00276,0.2386,0.00295,0.0747,0.00255,2.5759,0.08311,0.0071,2.081,0
M4_12,0.1285,0.00265,0.2279,0.00282,0.0827,0.00311,2.6899,0.07806,0.0071,2.221,0
M4_13,0.1244,0.00394,0.2176,0.00418,0.1013,0.00685,2.709,0.10666,0.0109,3.506,2
M4_14,0.1452,0.00601,0.2187,0.00633,0.0788,0.00609,2.3541,0.16634,0.0149,4.491,0
